					comando power
Press the button on the remote now - once only

Raw: (83) 8336, -4208, 600, -452, 620, -452, 620, -452, 620, -452, 620, -452, 620, -452, 620, -452, 620, -452, 620, -452, 624, -452, 616, -452, 620, -1660, 616, -1660, 620, -452, 620, -452, 620, -452, 620, -1660, 620, -1656, 620, -452, 620, -1680, 596, -452, 620, -476, 596, -452, 620, -456, 620, -452, 620, -472, 596, -456, 620, -472, 596, -1660, 620, -472, 600, -452, 628, -448, 620, -452, 620, -452, 620, -1676, 600, -1656, 620, -452, 620, -452, 620, -452, 620, -452, 620,


		comando baixar temp



Raw: (83) 8340, -4184, 620, -452, 620, -452, 620, -448, 624, -1656, 620, -452, 624, -448, 624, -448, 620, -456, 616, -456, 620, -1656, 620, -1656, 624, -448, 624, -1652, 624, -448, 624, -448, 624, -452, 620, -1656, 624, -1652, 624, -448, 624, -1656, 620, -448, 624, -452, 620, -452, 620, -456, 620, -452, 620, -452, 620, -448, 624, -448, 624, -1656, 620, -452, 620, -452, 620, -456, 620, -448, 624, -448, 624, -1656, 620, -1656, 620, -452, 620, -452, 620, -452, 620, -452, 620, 

				comando aumentar temp


Raw: (83) 8368, -4156, 648, -420, 628, -448, 624, -444, 628, -1652, 624, -448, 624, -448, 624, -448, 624, -448, 624, -1656, 624, -1652, 624, -1652, 624, -448, 628, -1648, 624, -448, 628, -444, 628, -448, 624, -1652, 624, -1656, 624, -448, 620, -1656, 624, -448, 624, -448, 624, -448, 624, -448, 624, -452, 624, -448, 624, -444, 628, -444, 624, -1652, 628, -448, 624, -448, 624, -448, 628, -444, 628, -444, 624, -1652, 628, -1648, 628, -448, 624, -448, 624, -448, 624, -448, 628, 


				comando swing


Raw: (83) 8372, -4152, 624, -448, 628, -444, 628, -444, 624, -1656, 624, -444, 628, -448, 624, -448, 624, -448, 624, -1652, 628, -1648, 628, -1652, 624, -448, 624, -1652, 624, -448, 628, -444, 624, -452, 620, -1656, 624, -1652, 624, -448, 628, -444, 624, -448, 624, -448, 624, -448, 624, -452, 624, -448, 624, -448, 624, -448, 628, -444, 624, -1652, 624, -448, 624, -448, 624, -452, 628, -444, 624, -448, 624, -1652, 624, -1652, 624, -448, 624, -448, 628, -444, 624, -452, 624, 

Press the button on the remote now - once only
		
